0.0895386
-0.108215
-0.0807495
0.0216064
0.148682
-0.102539
0.0667114
-0.051239
-0.103821
-0.0982666
0.130981
-0.0369873
-0.0646362
-0.12323
0.116699
-0.0828247
0.201416
-0.0147095
-0.0748901
-0.0235443
-0.0316772
-0.117004
-0.00635147
-0.00865173
0.00218201
0.0274048
-0.0108032
0.118591
0.0635376
0.122131
0.175781
0.120117
-0.0926514
-0.0996094
0.0246887
0.00690079
-0.117249
0.127075
0.0479736
0.0844727
-0.0585632
0.0853271
0.107849
-0.00571442
-0.00811005
0.0245667
0.0637207
-0.072937
-0.0362549
0.150146
0.0388794
-0.00175667
0.126709
-0.030304
0.10083
0.0576172
-0.124084
0.0452881
-0.0886841
-0.0513306
-0.126465
-0.129517
0.125977
-0.0775146
-0.11438
0.11084
-0.0611877
0.0675049
0.0596619
0.102295
0.055481
-0.0142288
-0.0214844
-0.127808
-0.16272
0.0848389
-0.0789795
-0.0542297
-0.182983
0.02771
-0.0196838
0.071167
0.0549927
0.0458679
0.0510559
0.0618591
0.0126419
-0.0982666
0.0547791
-0.00767899
0.122559
-0.0413208
-0.105164
0.104065
-0.0149384
0.0325012
-0.0258484
-0.0742798
-0.0917969
-0.0351868
-0.0256653
0.0462036
0.182007
-0.0888062
-0.0164185
-0.0467224
0.0796509
0.0348511
0.0585632
0.0174561
-0.0581055
0.119019
0.0440979
-0.0363464
0.0726318
-0.0741577
-0.0668945
0.0318909
0.0169525
-0.224731
0.078064
0.0799561
0.189697
-0.124084
-0.0762939
-0.0847168
-0.150269
-0.0896606
