0.049469
-0.131836
-0.119751
-0.028244
0.175293
-0.20105
0.0360718
-0.163818
-0.062561
-0.0408936
0.0523071
-0.0315247
0.00937653
-0.139038
0.0445557
-0.0478821
0.142334
-0.113281
-0.0407715
-0.167114
-0.0513306
-0.117371
-0.131714
0.0345764
0.00597763
0.00370216
0.140991
0.117798
0.0350037
0.107178
0.122742
0.154419
-0.0334473
-0.102112
-0.0858765
-0.00813293
-0.105103
0.0960083
0.10553
0.021698
0.0285492
0.0359192
0.0490112
-0.00842285
-0.0486755
-0.0950317
0.0137482
-0.0380554
-0.0420227
0.0638428
-0.0384827
0.0762329
0.00619125
-0.0415955
0.103943
0.0811768
-0.0501709
0.0112686
-0.0289612
-0.0808105
-0.154663
-0.261475
0.0565491
0.0149689
-0.0764771
0.16394
-0.0641479
0.0190887
-0.0665894
0.0299988
0.0199127
-0.0597229
0.0393372
-0.0889282
-0.0853882
0.0464172
-0.0463257
0.0430298
-0.162109
-0.0846558
-0.0916748
0.144653
0.0184937
0.0999756
0.0254517
0.0714722
-0.00665665
-0.155396
-0.0841675
0.049469
0.134277
-0.0632935
-0.0089035
-0.0198975
0.0602417
0.0190277
-0.0875244
-0.0316162
-0.158691
-0.0948486
-0.116028
0.0625
0.198975
-0.145264
-0.0188293
-0.0254974
0.0388794
0.0762939
0.00836945
-0.0179901
-0.0379333
0.0961914
0.0593872
0.0126801
0.0762939
0.00855255
-0.0206451
0.0378723
-0.0639648
-0.0414734
0.0707397
0.0431824
0.224854
-0.0883179
-0.0359802
-0.0591431
-0.0519409
-0.0505676
