0.108337
-0.112488
0.0189819
-0.159912
-0.0283356
-0.0787354
0.0856323
-0.0570679
-0.100586
-0.0130539
0.0707397
-0.0203705
-0.174927
0.049408
-0.0472717
-0.0448608
-0.0635376
-0.202393
0.0344238
-0.0492249
-0.0980225
0.0391846
-0.101074
0.0645142
0.114258
0.0369263
0.119812
-0.0910645
0.116516
0.0239105
0.0796509
0.12262
-0.0770264
-0.0426941
-0.0344238
0.105652
-0.132568
0.101624
0.0599976
-0.0520325
0.0907593
0.149048
0.0543518
0.0449219
-0.0822754
-0.0714722
-0.00621796
-0.0802002
-0.195679
0.139526
-0.0491333
0.100098
0.274414
-0.111938
-0.0271912
-0.0897827
-0.0705566
0.0932617
-0.0734863
-0.0874023
0.0296326
-0.0968018
-0.0927734
0.0181427
-0.0404358
0.158325
0.0603333
0.090332
0.0172119
0.127197
-0.000828266
-0.0391235
-0.0599976
-0.186646
-0.168945
0.0363464
-0.0543518
0.034668
-0.0277863
-0.0476685
0.0236206
0.0886841
0.0505981
0.0499878
0.0501099
-0.0632935
0.0775146
-0.0214539
0.0503235
-0.03479
0.0419312
-0.0895996
-0.0423889
0.0994873
0.141724
0.00746155
-0.0585327
-0.026001
0.022644
0.0135956
-0.0191956
0.0138245
0.0878296
-0.0503235
-0.0354614
0.0218201
0.105652
0.170532
-0.0562439
-0.0637817
0.030838
0.0586548
0.223877
0.0245209
-0.0318298
0.0412903
-0.0671997
0.054657
0.0156403
-0.0606079
0.0854492
0.0444641
0.0304565
-0.0167542
0.190186
-0.162109
-0.0322266
-0.0266113
