0.177856
-0.0725708
-0.0895386
-0.141602
0.0467224
-0.0537109
0.0319519
-0.017334
-0.0786743
-0.0790405
0.041626
-0.0268555
-0.102173
-0.181763
-0.123474
-0.0427856
-0.00981903
-0.0569763
-0.00190449
-0.110901
-0.0721436
0.168335
-0.0645752
-0.00964355
0.0436096
0.134644
-0.00730133
0.00400162
0.108215
0.0112076
0.0551453
0.128662
-0.0907593
-0.0427856
0.0805664
0.0581665
0.0269012
0.074585
0.0585632
-0.00970459
-0.0629883
0.0717163
-0.024826
-0.115295
0.0482483
-0.052124
0.0928955
0.0321655
-0.0975342
0.0906982
-0.0218506
0.0845337
0.0678711
-0.0786133
-0.016861
0.0893555
-0.0911255
0.0611572
-0.00780106
-0.0481262
0.0388794
-0.209351
-0.0301361
0.0475464
-0.0477905
0.209473
0.0518494
0.00793457
0.0269318
-0.0928955
0.135254
-0.176025
-0.0400391
-0.0536804
0.174194
-0.00576019
-0.103149
0.178101
-0.0343323
-0.0588989
-0.0487671
0.0759277
-0.0589294
0.0422363
0.00165653
0.0612793
-0.00585175
-0.0939331
0.147827
0.0320435
-0.0697632
-0.0237274
-0.0456848
-0.0492249
0.154541
0.160767
-0.128296
-0.173462
0.0272217
-0.00790405
-0.039856
0.0634766
0.0996094
-0.15686
-0.072876
0.048645
0.108093
0.139893
0.0482788
-0.137573
0.0133209
0.0720825
0.0597229
0.0180359
0.118835
0.155518
-0.103699
0.0449829
-0.124573
-0.0237274
-0.00549316
-0.0531311
0.0532837
-0.0276947
-0.0161896
0.0253448
-0.0679932
-0.19873
