0.0787354
-0.0636597
-0.0804443
-0.102112
-0.0942383
-0.0702515
-0.00235939
-0.00826263
-0.0432739
-0.0437622
-0.00353622
0.000883102
-0.118225
-0.132568
0.00921631
0.0533142
0.0133362
-0.0534973
0.0322266
-0.0546265
-0.0278625
-0.0237885
-0.18042
0.0484619
0.136353
0.109009
0.00697708
0.172974
0.00276184
0.0847168
0.0554504
0.232422
-0.0598755
-0.0429077
0.029892
0.0409241
-0.145874
0.088501
0.122314
0.181274
-0.0845337
0.170288
0.0130463
-0.0605164
0.0128708
0.0465393
-0.0320129
0.125
-0.0288849
0.0237732
0.0647583
0.0217896
0.168091
0.0463867
0.0131531
0.0414124
-0.0748901
0.0567322
-0.0062294
-0.052948
-0.0799561
-0.0657959
-0.146973
0.0404968
0.182739
0.0541382
0.104675
0.0435791
0.0686035
0.00270271
0.0792236
-0.033844
0.00338364
-0.0470886
-0.121338
-0.0435791
0.00126553
0.137085
-0.137451
0.0358887
0.00240898
-0.140747
0.0157928
0.0309753
0.0092926
-0.0733032
0.0651245
-0.158081
-0.103821
0.0655518
0.203979
-0.0759277
-0.145386
-0.0215454
-0.0273895
0.143188
-0.00696564
-0.0873413
-0.0615234
0.0323181
-0.0886841
0.0562134
0.108826
-0.129272
-0.217896
-0.00984192
-0.0687256
0.0360413
0.0381165
-0.0174255
0.00952911
-0.040802
0.0108109
0.00882721
0.172119
0.120544
0.00879669
0.110596
0.0549316
-0.0805664
0.117981
-0.0431213
0.0806885
-0.0184784
0.0756836
-0.181763
-0.0399475
-0.0872192
