0.0310974
0.0358276
-0.00497818
0.0137405
0.108337
0.0882568
0.0222931
0.0436401
-0.0633545
0.0320435
0.135132
0.0842285
-0.0419312
-0.0123672
-0.0911255
0.00880432
-0.223633
-0.0700073
-0.0146561
0.0769653
-0.0193024
0.107544
-0.0361328
-0.132935
0.0445862
0.0291901
-0.00547409
0.0584412
-0.00187874
0.0403137
0.203979
0.0367126
0.126465
-0.0940552
-0.1604
0.0152969
-0.0314636
-0.151123
-0.0397949
-0.0433044
0.0241699
0.0176849
-0.0777588
-0.0870972
0.0728149
-0.0332336
-0.022049
0.0558777
-0.0199127
0.0599976
-0.108398
0.0375977
0.0219879
0.0542908
-0.0651245
-0.0438843
-0.0814209
0.071106
0.0678101
-0.0394897
0.0366211
-0.081665
0.153809
0.0102081
0.0152664
-0.13916
-0.0701294
0.150269
-0.0180359
0.0267181
-0.0739746
-0.0707397
-0.159546
0.113892
-0.0605164
-0.037384
0.0930786
0.159668
0.0706787
0.17395
-0.00836945
-0.12793
-0.014267
-0.0112762
0.0274353
-0.0362244
-0.0822144
0.0759888
0.00905609
-0.148438
-0.00978851
-0.0880737
0.0627441
-0.0470276
0.0771484
-0.0928345
-0.156616
-0.0311127
0.0537415
-0.0703735
-0.121521
0.0606384
0.06073
-0.0817261
-0.116333
0.09375
0.0488892
-0.034729
-0.0950317
0.0270996
-0.0343323
0.0837402
-0.00157928
-0.0257568
0.203125
0.206543
0.00789642
-0.0756226
-0.0254822
0.0970459
-0.0572205
0.0619507
0.101807
0.110901
0.159058
-0.148071
-0.0361328
0.274902
