0.0595398
-0.0332336
-0.0834961
-0.103027
-0.072937
-0.074646
-0.0154572
0.0136642
-0.0638428
-0.0422668
-0.00282669
-0.00804901
-0.117065
-0.136963
0.0159912
0.0646973
0.0290985
-0.0561523
0.0136871
-0.0640869
-0.0341187
-0.0155182
-0.161499
0.0453186
0.0944824
0.12085
0.000437737
0.19165
-0.035614
0.103882
0.0321655
0.236328
-0.0652466
-0.0334473
0.085083
0.0356445
-0.140747
0.101624
0.118286
0.210449
-0.0922852
0.132935
-0.00390244
-0.0531616
0.0323486
0.0349426
-0.00490952
0.143555
-0.0155029
-0.00259972
0.0882568
0.02742
0.168701
0.0435181
0.00199127
0.0506897
-0.06427
0.0316162
-0.0230255
-0.071228
-0.0911255
-0.0518188
-0.161987
0.035675
0.168823
0.0181427
0.102539
0.0461121
0.0922852
0.00319099
0.0856934
-0.0332947
-0.00453568
-0.0292358
-0.120972
-0.0413208
0.0126877
0.13623
-0.147583
-0.00392151
0.0211792
-0.15686
0.000928402
0.0490723
0.0194397
-0.0673828
0.0995483
-0.17041
-0.118835
0.0684814
0.173096
-0.0806274
-0.12323
-0.0363464
-0.0211182
0.142944
0.0563049
-0.0875244
-0.059021
0.0509644
-0.101746
0.0556335
0.0733643
-0.114563
-0.21582
-0.00867462
-0.0734863
0.028717
0.0490417
0.00920105
-0.00748062
-0.0404663
-0.00518036
0.0155411
0.150146
0.124451
-8.25524e-05
0.0956421
0.0487671
-0.110718
0.107117
-0.039856
0.0543518
-0.016571
0.0774536
-0.174194
-0.0625
-0.0852051
